数据初始化...#070137430003000000
延时# 60
清除总加组配置表...#070113230101000000
加表#07 01 00 60 00 7f 00 02 04 12 00 01 02 0a 55 07 05 00 00 00 00 00 01 16 03 16 03 51 f2 01 02 01 09 01 00 11 04 11 01 16 03 12 08 98 12 08 98 02 04 55 07 05 00 00 00 00 00 00 09 00 12 00 01 12 00 01 01 00 00
添加总加配置单元#0701142301030002035507050000000000011600160000
设置总加组滑差时间周期...#06011623010D00110100
设置总加组功控轮次配置...#06011723010E000408FF00
设置总加组电控轮次配置...#06011823010F000408FF00
设置终端保安定值...#0601198100020014000000000000138800
设置终端功控时段...#06011A81010200010C115511A511AA115511A511AA115511A511AA115511A511AA00
设置功控告警时间...#06011B8102020001081101110111011101110111011101110100
添加厂休配置单元总加组1...#07 01 02 81 04 03 00 02 05 50 23 01 14 00 00 00 00 00 00 13 88 1c 07 e2 00 00 00 02 00 12 00 0a 04 08 7f 00
控制解除_厂休控_总加组1...#0701208104070050230100
控制投入_厂休控_总加组1...#07010B8104060050230100
