实时数据(多项)
清空采集任务...#07 01 04 60 12 81 00 00 00
清空采集方案...#07 01 05 60 14 81 00 00 00
配置采集任务...#07 01 18 60 12 7f 00 01 01 02 0c 11 01 54 01 00 05 16 01 11 01 1c 07 d2 0b 01 00 00 00 1c 08 9a 0b 01 00 00 00 54 00 00 00 16 01 16 01 12 00 00 12 00 00 02 02 16 00 01 01 02 04 11 00 11 00 11 17 11 3b 00
配置采集方案...#07 01 11 60 14 7f 00 01 01 02 06 11 01 12 00 0b 02 02 11 00 00 01 17 5b 00 00 00 02 00 5b 00 00 10 02 00 5b 00 00 20 02 00 5b 00 00 30 02 00 5b 00 00 40 02 00 5b 00 00 50 02 00 5b 00 00 60 02 00 5b 00 00 70 02 00 5b 00 00 80 02 00 5b 00 10 10 02 00 5b 00 10 20 02 00 5b 00 10 30 02 00 5b 00 10 40 02 00 5b 00 20 00 02 00 5b 00 20 01 02 00 5b 00 20 01 04 00 5b 00 20 02 02 00 5b 00 20 03 02 00 5b 00 20 04 02 00 5b 00 20 05 02 00 5b 00 20 0a 02 00 5b 00 20 14 02 00 5b 00 40 00 02 00 5c 01 16 01 00

实时数据(多项)读取报文
实时数据读取报文...#05 03 2d 60 12 03 00 0a 01 01 17 00 20 0a 02 00 00 00 00 02 00 00 00 10 02 00 00 00 20 02 00 00 00 30 02 00 00 00 40 02 00 00 00 50 02 00 00 00 60 02 00 00 00 70 02 00 00 00 80 02 00 00 10 10 02 00 00 10 20 02 00 00 10 30 02 00 00 10 40 02 00 00 20 00 02 00 00 20 01 02 00 00 20 01 04 00 00 20 02 02 00 00 20 03 02 00 00 20 04 02 00 00 20 05 02 00 00 20 14 02 00 00 40 00 02 00 00

日冻结数据
配置采集任务...#07 01 0a 60 12 7f 00 01 01 02 0c 11 03 54 03 00 01 16 01 11 03 1c 07 d2 01 12 00 00 00 1c 07 f3 0c 12 00 00 00 54 00 00 00 16 01 16 01 12 00 00 12 00 00 02 02 16 00 01 01 02 04 11 00 11 00 11 17 11 3b 00
配置采集方案...#07 01 0b 60 14 7f 00 01 01 02 06 11 03 12 00 0a 02 02 11 02 00 01 01 5b 01 50 04 02 00 13 00 00 02 00 00 10 02 00 00 20 02 00 00 30 02 00 00 40 02 00 00 50 02 00 00 60 02 00 00 70 02 00 00 80 02 00 10 10 02 00 10 20 02 00 10 30 02 00 10 40 02 00 20 04 02 00 20 05 02 00 20 0a 02 00 20 21 02 00 20 01 02 00 20 01 04 00 5c 01 16 01 00

日冻结数据读取报文
日冻结读取报文...#05 03 31 60 12 03 00 0a 01 01 01 01 50 04 02 00 13 00 00 02 00 00 10 02 00 00 20 02 00 00 30 02 00 00 40 02 00 00 50 02 00 00 60 02 00 00 70 02 00 00 80 02 00 10 10 02 00 10 20 02 00 10 30 02 00 10 40 02 00 20 04 02 00 20 05 02 00 20 0a 02 00 20 21 02 00 20 01 02 00 20 01 04 00 00

冻结曲线数据
配置采集任务...#07 01 00 60 12 7f 00 01 01 02 0c 11 05 54 01 00 0f 16 01 11 05 1c 07 e2 02 01 00 00 00 1c 07 f3 01 13 00 00 00 54 00 00 00 16 01 16 01 12 00 00 12 00 00 02 02 16 00 01 01 02 04 11 00 11 00 11 17 11 3b 00
配置采集方案...#07 01 04 60 14 7f 00 01 01 02 06 11 05 12 00 0a 02 02 11 03 54 01 00 0f 01 01 5b 01 50 02 02 00 13 00 00 02 00 00 10 02 00 00 20 02 00 00 30 02 00 00 40 02 00 00 50 02 00 00 60 02 00 00 70 02 00 00 80 02 00 10 10 02 00 10 20 02 00 10 30 02 00 10 40 02 00 20 04 02 00 20 05 02 00 20 0a 02 00 20 21 02 00 20 01 02 00 20 01 04 00 5c 01 16 01 00


时段功控投入
设置脉冲计量1_通信地址...#06011024010200090680008000800100
设置脉冲计量1_互感器倍率...#06011124010300020212000112000100
添加脉冲输入单元...#07011224010300020351F20A02011600120E1000
添加总加配置单元...#0701142301030002035507058000800080011600160000
设置总加组滑差时间周期...#06011623010D00110100
设置总加组功控轮次配置...#06011723010E000408FF00
设置总加组电控轮次配置...#06011823010F000408FF00
设置终端保安定值...#0601198100020014000000000000138800
设置终端功控时段...#06011A81010200010C115511A511AA115511A511AA115511A511AA115511A511AA00
设置功控告警时间...#06011B8102020001081101110111011101110111011101110100
添加时段功控配置单元总加组1...#07011C8103030002065023010408E002090408FF14000000000000138814000000000000138814000000000000138814000000000000138814000000000000138814000000000000138814000000000000138814000000000000138802090408FF14000000000000271014000000000000271014000000000000271014000000000000271014000000000000271014000000000000271014000000000000271014000000000000271002090408FF140000000000003A98140000000000003A98140000000000003A98140000000000003A98140000000000003A98140000000000003A98140000000000003A98140000000000003A980F0000
时段功控方案切换...#07011D81037F00020250230102020408FF110000
保电解除...#07012F80018000000107e20906102917050005
控制解除_时段功控_总加组1...#07011F8103070050230100
控制投入_时段功控_总加组1...#0701268103060050230100

时段功控解除
控制解除_时段功控_总加组1...#07011F8103070050230100

厂休功控投入
数据初始化...#070137430003000000
清除总加组配置表...#070113230101000000
设置脉冲计量1_通信地址...#06011024010200090680008000800100
设置脉冲计量1_互感器倍率...#06011124010300020212000112000100
添加脉冲输入单元...#07011224010300020351F20A02011600120E1000
添加总加配置单元...#0701142301030002035507058000800080011600160000
终端对时到2017-8-9 0:02:00...#060119400002001C07e1080900020000
设置总加组滑差时间周期...#06011623010D00110100
设置总加组功控轮次配置...#06011723010E000408FF00
设置总加组电控轮次配置...#06011823010F000408FF00
设置终端保安定值...#0601198100020014000000000000138800
设置终端功控时段...#06011A81010200010C115511A511AA115511A511AA115511A511AA115511A511AA00
设置功控告警时间...#06011B8102020001081101110111011101110111011101110100
添加厂休配置单元总加组1...#0701028104030002055023011400000000000013881CFFFFFFFF00020012000A04087F00
控制解除_厂休控_总加组1...#0701208104070050230100
控制投入_厂休控_总加组1...#07010B8104060050230100

厂休功控解除
控制解除_厂休控_总加组1...#0701208104070050230100

当前功率下浮控投入
设置脉冲计量1_通信地址...#06011024010200090680008000800100
设置脉冲计量1_互感器倍率...#06011124010300020212000112000100
添加脉冲输入单元...#07011224010300020351F20A02011600120E1000
清除总加组配置表...#070113230101000000
添加总加配置单元...#0701142301030002035507058000800080011600160000
设置总加组滑差时间周期...#06011623010D00110100
设置总加组功控轮次配置...#06011723010E000408FF00
设置总加组电控轮次配置...#06011823010F000408FF00
设置终端保安定值...#0601198100020014000000000000138800
设置终端功控时段...#06011A81010200010C115511A511AA115511A511AA115511A511AA115511A511AA00
设置功控告警时间...#06011B8102020001081101110111011101110111011101110100
保电解除...#07012F80018000000107e20906102917050005
控制解除_月电控_总加组1...#0701238107070050230100
控制解除_购电控_总加组1...#0701228106070050230100
控制解除_时段功控_总加组1...#07011F8103070050230100
控制解除_营业报停控_总加组1...#0701218105070050230100
控制解除_厂休控_总加组1...#0701208104070050230100
终端对时到2017-8-9 0:02:00...#060119400002001C07e1080900020000
投入当前功率下浮控...#07011481067F000202502301020811010FEC11011101110111011101110100

当前功率下浮控解除
解除当前功率下浮控...#0701198106070050230100

营业报停功控投入
添加营业报停控配置单元总加组1...#0701278105030002045023011C07E10808FFFFFF1C08330909FFFFFF14000000000000138800
控制营业报停控_总加组1...#0701308105060050230100
控制解除_当前功率下浮控_总加组1...#0701198106070050230100
投入当前功率下浮控...#07011481067F000202502301020811010FEC11011101110111011101110100

营业报停功控解除
控制解除_营业报停控_总加组1...#0701358105070050230100

月电控投入
下装普通采集方案...#07 01 27 60 14 7f 00 01 01 02 06 11 01 12 01 00 02 02 11 00 00 01 02 5b 00 00 10 02 00 5b 00 20 04 02 00 5c 01 16 02 00
下装采集任务...#07 01 28 60 12 7f 00 01 01 02 0c 11 01 54 01 00 01 16 01 11 01 1c 07 e1 08 09 00 02 00 1c 08 33 09 09 09 09 09 54 00 00 00 11 02 16 01 12 00 00 12 00 00 02 02 16 00 01 01 02 04 11 00 11 00 11 17 11 3b 00
添加月电控配置单元...#07 01 2c 81 08 03 00 02 04 50 23 01 14 00 00 00 00 00 00 02 00 11 50 0f 00 00
设置功控告警时间...#06012D8102020001081101110111011101110111011101110100
控制投入_月电控_总加组1...#0701368108060050230100

月电控解除
控制解除_月电控_总加组1...#0701398108070050230100

购电控投入
清空采集任务配置表...#07 01 04 60 12 81 00 00 00
清空普通采集方案...#07 01 05 60 14 81 00 00 00
清除总加组配置表...#070102230101000000
下装普通采集方案...#07 01 07 60 14 7f 00 01 01 02 06 11 01 12 01 00 02 02 11 00 00 01 02 5b 00 00 10 02 00 5b 00 20 04 02 00 5c 01 16 02 00
下装采集任务...#07 01 08 60 12 7f 00 01 01 02 0c 11 01 54 01 00 01 16 01 11 01 1c 07 e1 08 09 00 02 00 1c 08 33 09 09 09 09 09 54 00 00 00 11 02 16 01 12 00 00 12 00 00 02 02 16 00 01 01 02 04 11 00 11 00 11 17 11 3b 00
添加总加配置单元...#07010A2301030002035507050000000000011600160000
终端对时到2018-9-6_16:28:59...#060119400002001C07e20906101c3b00
设置总加组电控轮次配置...#06010B23010F000408FF00
添加购电控配置单元...#07 01 0c 81 07 03 00 02 08 50 23 01 06 00 7c 1e 60 16 01 16 00 14 00 00 00 00 00 00 02 40 14 00 00 00 00 00 03 0d 40 14 00 00 00 00 00 00 00 00 16 00 00
设置功控告警时间...#06010D8102020001081101110111011101110111011101110100
保电解除...#07012F80018000000107e20906102917050005
控制解除_时段功控_总加组1...#07011F8103070050230100
控制解除_厂休控_总加组1...#0701208104070050230100
控制解除_营业报停控_总加组1...#0701218105070050230100
控制解除_当前功率下浮控_总加组1...#0701228106070050230100
控制解除_购电控_总加组1...#0701228106070050230100
控制解除_月电控_总加组1...#0701238107070050230100
控制投入_购电控_总加组1...#0701168107060050230100

购电控解除
控制解除_购电控_总加组1...#0701198107070050230100

催费告警投入
催费告警投入...#07012080027F0002020903FFFFFF0A81C8416C65727400000000000000000000000000000000000000000000000000000000000000000000000000000000000000000000000000000000000000000000000000000000000000000000000000000000000000000000000000000000000000000000000000000000000000000000000000000000000000000000000000000000000000000000000000000000000000000000000000000000000000000000000000000000000000000000000000000000000000000000000000000000000000000000000000000000

催费告警解除
催费告警投入...#070122800280000000

保电投入
下发保电投入命令...#07 01 2a 80 01 7f 00 00 01 07 e2 09 06 10 28 38 05 00 05

保电解除
下发保电解除命令...#07012F80018000000107e20906102917050005

单地址跳闸(第1轮)
下发第1轮遥控跳闸命令...#07 01 2c 80 00 81 00 01 01 02 04 51 f2 05 02 01 11 0a 12 00 00 03 00 01 07 e4 09 06 10 29 06 05 01 05


单地址合闸(第1轮)
下发第1轮遥控合闸命令...#07 01 2e 80 00 82 00 01 01 02 02 51 f2 05 02 01 16 00 01 07 e4 09 06 10 29 10 05 02 05

单地址合闸(第2轮)
下发第2轮遥控合闸命令...#07 01 2e 80 00 82 00 01 01 02 02 51 f2 05 02 02 16 00 01 07 e4 09 06 10 29 10 05 02 05

剔除投入
剔除投入...#06 01 0F 40 24 02 00 16 01

剔除解除
剔除解除...#06 01 13 40 24 02 00 16 02 00

组地址跳闸(第2轮)
组地址跳闸...#07 01 3b 80 00 81 00 01 01 02 04 51 f2 05 02 02 11 01 12 00 00 03 01 01 07 e2 09 0b 0a 13 15 01 00 c8

数据初始化
数据初始化...#07 01 0a 43 00 03 00 00 00

参数初始化
参数初始化...#07 01 0a 43 00 04 00 00 00

事件初始化
事件初始化...#07 01 04 43 00 05 00 00 00

硬件复位
硬件复位...#07 01 04 43 00 01 00 00 00


