07 01 01 60 12 7f 00 01 01 02 0c 11 01 54 03 00 01 16 01 11 01 1c 07 e3 01 01 00 00 00 1c 08 33 01 01 00 00 00 54 01 00 00 16 01 16 01 12 00 00 12 00 00 02 02 16 00 01 01 02 04 11 00 11 00 11 17 11 3b 00
07 01 01 60 12 7f 00 01 01 02 0c 11 02 54 03 00 01 16 01 11 02 1c 07 e3 01 01 00 00 00 1c 08 33 01 01 00 00 00 54 01 00 00 16 01 16 01 12 00 00 12 00 00 02 02 16 00 01 01 02 04 11 00 11 00 11 17 11 3b 00
07 01 01 60 12 7f 00 01 01 02 0c 11 03 54 03 00 01 16 01 11 03 1c 07 e3 01 01 00 00 00 1c 08 33 01 01 00 00 00 54 01 00 00 16 01 16 01 12 00 00 12 00 00 02 02 16 00 01 01 02 04 11 00 11 00 11 17 11 3b 00
07 01 01 60 12 7f 00 01 01 02 0c 11 04 54 03 00 01 16 01 11 04 1c 07 e3 01 01 00 00 00 1c 08 33 01 01 00 00 00 54 01 00 00 16 01 16 01 12 00 00 12 00 00 02 02 16 00 01 01 02 04 11 00 11 00 11 17 11 3b 00
07 01 01 60 12 7f 00 01 01 02 0c 11 05 54 03 00 01 16 01 11 05 1c 07 e3 01 01 00 00 00 1c 08 33 01 01 00 00 00 54 01 00 00 16 01 16 01 12 00 00 12 00 00 02 02 16 00 01 01 02 04 11 00 11 00 11 17 11 3b 00
07 01 01 60 12 7f 00 01 01 02 0c 11 06 54 01 00 0f 16 01 11 06 1c 07 e3 01 01 00 00 00 1c 08 33 01 01 00 00 00 54 01 00 00 16 01 16 01 12 00 00 12 00 00 02 02 16 00 01 01 02 04 11 00 11 00 11 17 11 3b 00
07 01 01 60 12 7f 00 01 01 02 0c 11 07 54 01 00 0f 16 01 11 07 1c 07 e3 01 01 00 00 00 1c 08 33 01 01 00 00 00 54 01 00 00 16 01 16 01 12 00 00 12 00 00 02 02 16 00 01 01 02 04 11 00 11 00 11 17 11 3b 00
07 01 01 60 12 7f 00 01 01 02 0c 11 08 54 01 00 0f 16 01 11 08 1c 07 e3 01 01 00 00 00 1c 08 33 01 01 00 00 00 54 01 00 00 16 01 16 01 12 00 00 12 00 00 02 02 16 00 01 01 02 04 11 00 11 00 11 17 11 3b 00
07 01 01 60 12 7f 00 01 01 02 0c 11 09 54 01 00 0f 16 01 11 09 1c 07 e3 01 01 00 00 00 1c 08 33 01 01 00 00 00 54 01 00 00 16 01 16 01 12 00 00 12 00 00 02 02 16 00 01 01 02 04 11 00 11 00 11 17 11 3b 00
07 01 01 60 12 7f 00 01 01 02 0c 11 0a 54 01 00 0f 16 01 11 0a 1c 07 e3 01 01 00 00 00 1c 08 33 01 01 00 00 00 54 01 00 00 16 01 16 01 12 00 00 12 00 00 02 02 16 00 01 01 02 04 11 00 11 00 11 17 11 3b 00
07 01 01 60 12 7f 00 01 01 02 0c 11 0b 54 01 00 0f 16 01 11 0b 1c 07 e3 01 01 00 00 00 1c 08 33 01 01 00 00 00 54 01 00 00 16 01 16 01 12 00 00 12 00 00 02 02 16 00 01 01 02 04 11 00 11 00 11 17 11 3b 00
07 01 01 60 12 7f 00 01 01 02 0c 11 0c 54 03 00 01 16 02 11 0c 1c 07 e3 01 01 00 00 00 1c 08 33 01 01 00 00 00 54 01 00 00 16 01 16 01 12 00 00 12 00 00 02 02 16 00 01 01 02 04 11 00 11 00 11 17 11 3b 00
07 01 01 60 12 7f 00 01 01 02 0c 11 0d 54 03 00 01 16 02 11 0d 1c 07 e3 01 01 00 00 00 1c 08 33 01 01 00 00 00 54 01 00 00 16 01 16 01 12 00 00 12 00 00 02 02 16 00 01 01 02 04 11 00 11 00 11 17 11 3b 00
07 01 01 60 12 7f 00 01 01 02 0c 11 0e 54 03 00 01 16 02 11 0e 1c 07 e3 01 01 00 00 00 1c 08 33 01 01 00 00 00 54 01 00 00 16 01 16 01 12 00 00 12 00 00 02 02 16 00 01 01 02 04 11 00 11 00 11 17 11 3b 00
07 01 01 60 12 7f 00 01 01 02 0c 11 0f 54 03 00 01 16 02 11 0f 1c 07 e3 01 01 00 00 00 1c 08 33 01 01 00 00 00 54 01 00 00 16 01 16 01 12 00 00 12 00 00 02 02 16 00 01 01 02 04 11 00 11 00 11 17 11 3b 00
07 01 01 60 12 7f 00 01 01 02 0c 11 10 54 04 00 01 16 02 11 10 1c 07 e3 01 01 00 00 00 1c 08 33 01 01 00 00 00 54 01 00 00 16 01 16 01 12 00 00 12 00 00 02 02 16 00 01 01 02 04 11 00 11 00 11 17 11 3b 00
06 01 03 31 00 08 00 16 01 00
06 01 02 31 00 09 00 03 01 00
06 01 03 31 01 08 00 16 01 00
06 01 02 31 01 09 00 03 01 00
06 01 03 31 04 08 00 16 01 00
06 01 02 31 04 09 00 03 01 00
06 01 03 31 05 08 00 16 00 00
06 01 02 31 05 09 00 03 01 00
06 01 03 31 06 08 00 16 01 00
06 01 02 31 06 09 00 03 01 00
06 01 03 31 07 08 00 16 00 00
06 01 02 31 07 09 00 03 00 00
06 01 03 31 08 08 00 16 00 00
06 01 02 31 08 09 00 03 00 00
06 01 03 31 09 08 00 16 01 00
06 01 02 31 09 09 00 03 01 00
06 01 03 31 0a 08 00 16 00 00
06 01 02 31 0a 09 00 03 00 00
06 01 03 31 0b 08 00 16 00 00
06 01 02 31 0b 09 00 03 01 00
06 01 03 31 0c 08 00 16 00 00
06 01 02 31 0c 09 00 03 00 00
06 01 03 31 0d 08 00 16 00 00
06 01 02 31 0d 09 00 03 01 00
06 01 03 31 0e 08 00 16 00 00
06 01 02 31 0e 09 00 03 01 00
06 01 03 31 0f 08 00 16 00 00
06 01 02 31 0f 09 00 03 01 00
06 01 03 31 10 08 00 16 00 00
06 01 02 31 10 09 00 03 00 00
06 01 03 31 11 08 00 16 00 00
06 01 02 31 11 09 00 03 01 00
06 01 03 31 12 08 00 16 00 00
06 01 02 31 12 09 00 03 00 00
06 01 03 31 14 08 00 16 00 00
06 01 02 31 14 09 00 03 01 00
06 01 03 31 15 08 00 16 00 00
06 01 02 31 15 09 00 03 00 00
06 01 03 31 16 08 00 16 00 00
06 01 02 31 16 09 00 03 00 00
06 01 03 31 17 08 00 16 00 00
06 01 02 31 17 09 00 03 00 00
06 01 03 31 18 08 00 16 00 00
06 01 02 31 18 09 00 03 00 00
06 01 03 31 19 08 00 16 01 00
06 01 02 31 19 09 00 03 01 00
06 01 03 31 1a 08 00 16 00 00
06 01 02 31 1a 09 00 03 00 00
06 01 03 31 1b 08 00 16 00 00
06 01 02 31 1b 09 00 03 00 00
06 01 03 31 1c 08 00 16 01 00
06 01 02 31 1c 09 00 03 01 00
06 01 03 32 00 08 00 16 00 00
06 01 02 32 00 09 00 03 00 00
06 01 03 32 01 08 00 16 00 00
06 01 02 32 01 09 00 03 00 00
06 01 03 32 02 08 00 16 00 00
06 01 02 32 02 09 00 03 00 00
06 01 03 32 03 08 00 16 00 00
06 01 02 32 03 09 00 03 00 00
07 01 00 60 16 7f 00 01 01 02 05 11 0c 02 02 11 02 01 02 52 30 2a 02 00 05 20 22 02 00 20 1e 02 00 20 20 02 00 00 10 22 01 00 10 82 01 52 30 2b 02 00 05 20 22 02 00 20 1e 02 00 20 20 02 00 00 10 22 01 00 20 22 01 5c 02 03 01 02 06 03 01 12 01 00 00
07 01 00 60 16 7f 00 01 01 02 05 11 0d 02 02 11 02 01 05 52 30 1b 02 00 05 20 22 02 00 20 1e 02 00 20 20 02 00 00 10 22 01 00 10 82 01 52 30 13 02 00 05 20 22 02 00 20 1e 02 00 20 20 02 00 00 10 22 01 00 20 22 01 52 30 05 07 00 05 20 22 02 00 20 1e 02 00 20 20 02 00 00 10 22 01 00 10 82 01 52 30 05 08 00 05 20 22 02 00 20 1e 02 00 20 20 02 00 00 10 22 01 00 20 22 01 52 30 05 09 00 05 20 22 02 00 20 1e 02 00 20 20 02 00 00 10 22 01 00 20 22 01 5c 01 03 01 12 01 00 00
07 01 00 60 16 7f 00 01 01 02 05 11 0e 02 02 11 00 01 01 52 30 1c 02 00 05 20 22 02 00 20 1e 02 00 20 20 02 00 00 10 22 01 00 10 82 01 5c 02 03 01 02 06 03 01 12 01 00 00
07 01 00 60 16 7f 00 01 01 02 05 11 0f 02 02 11 00 01 03 52 30 11 02 00 05 20 22 02 00 20 1e 02 00 20 20 02 00 00 10 22 01 00 10 82 01 52 30 2c 02 00 05 20 22 02 00 20 1e 02 00 20 20 02 00 00 10 22 01 00 10 82 01 52 30 16 02 00 05 20 22 02 00 20 1e 02 00 20 20 02 00 00 10 22 01 00 10 82 01 5c 01 03 01 12 01 00 00
07 01 00 60 16 7f 00 01 01 02 05 11 10 02 02 11 00 01 16 52 30 00 07 00 04 20 1e 02 00 20 20 02 00 20 00 22 00 20 01 22 00 52 30 00 08 00 04 20 1e 02 00 20 20 02 00 20 00 22 00 20 01 22 00 52 30 00 09 00 04 20 1e 02 00 20 20 02 00 20 00 22 00 20 01 22 00 52 30 04 07 00 04 20 1e 02 00 20 20 02 00 20 00 22 00 20 01 22 00 52 30 04 08 00 04 20 1e 02 00 20 20 02 00 20 00 22 00 20 01 22 00 52 30 04 09 00 04 20 1e 02 00 20 20 02 00 20 00 22 00 20 01 22 00 52 30 0f 02 00 04 20 1e 02 00 20 20 02 00 00 10 22 01 00 10 82 01 52 30 01 07 00 04 20 1e 02 00 20 20 02 00 20 00 22 00 20 01 22 00 52 30 01 08 00 04 20 1e 02 00 20 20 02 00 20 00 22 00 20 01 22 00 52 30 01 09 00 04 20 1e 02 00 20 20 02 00 20 00 22 00 20 01 22 00 52 30 02 07 00 04 20 1e 02 00 20 20 02 00 20 00 22 00 20 01 22 00 52 30 02 08 00 04 20 1e 02 00 20 20 02 00 20 00 22 00 20 01 22 00 52 30 02 09 00 04 20 1e 02 00 20 20 02 00 20 00 22 00 20 01 22 00 52 30 03 07 00 04 20 1e 02 00 20 20 02 00 20 00 22 00 20 01 22 00 52 30 03 08 00 04 20 1e 02 00 20 20 02 00 20 00 22 00 20 01 22 00 52 30 03 09 00 04 20 1e 02 00 20 20 02 00 20 00 22 00 20 01 22 00 52 30 1d 02 00 03 20 1e 02 00 20 20 02 00 20 26 62 00 52 30 0d 02 00 03 20 1e 02 00 20 20 02 00 20 01 22 00 52 30 16 02 00 04 20 1e 02 00 20 20 02 00 40 00 22 00 40 00 82 00 52 30 07 07 00 04 20 1e 02 00 20 20 02 00 00 10 22 01 00 10 82 01 52 30 07 08 00 04 20 1e 02 00 20 20 02 00 00 10 22 01 00 10 82 01 52 30 07 09 00 04 20 1e 02 00 20 20 02 00 00 10 22 01 00 10 82 01 5c 01 03 01 12 00 64 00
07 01 08 60 14 7f 00 01 01 02 06 11 02 12 00 3e 02 02 11 02 00 01 01 5b 01 50 04 02 00 05 00 10 02 00 00 20 02 00 00 30 02 00 00 40 02 00 20 21 02 00 5c 02 03 01 02 06 16 02 00
07 01 09 60 14 7f 00 01 01 02 06 11 03 12 00 3e 02 02 11 02 00 01 01 5b 01 50 04 02 00 05 00 50 02 00 00 60 02 00 00 70 02 00 00 80 02 00 20 21 02 00 5c 02 02 01 02 16 02 00
07 01 0a 60 14 7f 00 01 01 02 06 11 04 12 00 3e 02 02 11 02 00 01 01 5b 01 50 04 02 00 07 00 11 02 00 00 12 02 00 00 13 02 00 00 21 02 00 00 22 02 00 00 23 02 00 20 21 02 00 5c 02 01 01 16 02 00
07 01 0b 60 14 7f 00 01 01 02 06 11 05 12 00 3e 02 02 11 02 00 01 01 5b 01 50 04 02 00 03 10 10 02 00 10 20 02 00 20 21 02 00 5c 02 03 01 02 06 16 02 00
07 01 0c 60 14 7f 00 01 01 02 06 11 06 12 01 00 02 02 11 03 54 01 00 0f 01 01 5b 01 50 02 02 00 0a 20 00 02 00 20 01 02 00 20 04 02 00 20 05 02 00 20 0a 02 00 00 10 02 00 00 20 02 00 00 30 02 00 00 40 02 00 20 21 02 00 5c 02 03 01 02 06 16 06 00
07 01 0d 60 14 7f 00 01 01 02 06 11 07 12 01 00 02 02 11 03 54 01 00 0f 01 01 5b 01 50 02 02 00 06 00 50 02 00 00 60 02 00 00 70 02 00 00 80 02 00 20 02 02 00 20 03 02 00 5c 02 02 01 02 16 06 00
07 01 0e 60 14 7f 00 01 01 02 06 11 09 12 01 00 02 02 11 00 00 01 0e 5b 00 00 20 02 00 5b 00 00 10 02 00 5b 00 00 50 02 00 5b 00 00 60 02 00 5b 00 00 70 02 00 5b 00 00 80 02 00 5b 00 00 30 02 00 5b 00 00 40 02 00 5b 00 00 11 02 00 5b 00 00 12 02 00 5b 00 00 13 02 00 5b 00 00 21 02 00 5b 00 00 22 02 00 5b 00 00 23 02 00 5c 02 03 01 02 06 16 01 00
07 01 0f 60 14 7f 00 01 01 02 06 11 0a 12 01 00 02 02 11 00 00 01 05 5b 00 20 00 02 00 5b 00 20 01 02 00 5b 00 20 04 02 00 5b 00 20 05 02 00 5b 00 20 0a 02 00 5c 02 03 01 02 06 16 01 00
07 01 10 60 14 7f 00 01 01 02 06 11 0b 12 01 00 02 02 11 00 00 01 02 5b 00 20 02 02 00 5b 00 20 03 02 00 5c 02 03 01 02 06 16 01 00


