清空采集任务#07 01 04 60 12 81 00 00 00
清空采集任务#07 01 04 60 16 81 00 00 00
6012 #07 01 05 60 12 7f 00 01 01 02 0c 11 01 54 01 00 02 16 02 11 01 1c 07 d2 01 0a 00 00 00 1c 07 e6 01 0a 00 00 00 54 01 00 00 16 01 16 01 12 00 00 12 00 00 02 02 16 00 01 01 02 04 11 00 11 00 11 17 11 3b 00
6012 #07 01 05 60 12 7f 00 01 01 02 0c 11 02 54 01 00 02 16 02 11 02 1c 07 d2 01 0a 00 00 00 1c 07 e6 01 0a 00 00 00 54 01 00 00 16 01 16 01 12 00 00 12 00 00 02 02 16 00 01 01 02 04 11 00 11 00 11 17 11 3b 00
6012 #07 01 05 60 12 7f 00 01 01 02 0c 11 03 54 01 00 02 16 02 11 03 1c 07 d2 01 0a 00 00 00 1c 07 e6 01 0a 00 00 00 54 01 00 00 16 01 16 01 12 00 00 12 00 00 02 02 16 00 01 01 02 04 11 00 11 00 11 17 11 3b 00
6012 #07 01 05 60 12 7f 00 01 01 02 0c 11 04 54 01 00 02 16 02 11 04 1c 07 d2 01 0a 00 00 00 1c 07 e6 01 0a 00 00 00 54 01 00 00 16 01 16 01 12 00 00 12 00 00 02 02 16 00 01 01 02 04 11 00 11 00 11 17 11 3b 00
6012 #07 01 05 60 12 7f 00 01 01 02 0c 11 05 54 01 00 02 16 02 11 05 1c 07 d2 01 0a 00 00 00 1c 07 e6 01 0a 00 00 00 54 01 00 00 16 01 16 01 12 00 00 12 00 00 02 02 16 00 01 01 02 04 11 00 11 00 11 17 11 3b 00
6012 #07 01 05 60 12 7f 00 01 01 02 0c 11 06 54 01 00 02 16 02 11 06 1c 07 d2 01 0a 00 00 00 1c 07 e6 01 0a 00 00 00 54 01 00 00 16 01 16 01 12 00 00 12 00 00 02 02 16 00 01 01 02 04 11 00 11 00 11 17 11 3b 00
<ACT6016  LEVELID="1" APDU="#07 01 00 60 16 7f 00 01 01 02 05 11 01 02 02 11 02 01 04 52 30 1b 02 00 03 20 1e 02 00 20 20 02 00 20 22 02 00 52 30 2a 02 00 03 20 1e 02 00 20 20 02 00 20 22 02 00 52 30 13 02 00 03 20 1e 02 00 20 20 02 00 20 22 02 00 52 30 11 02 00 03 20 1e 02 00 20 20 02 00 20 22 02 00 5c 02 05 1a 01 0a 10 24 03 01 12 00 0f 00
<ACT6016  LEVELID="2" APDU="#07 01 00 60 16 7f 00 01 01 02 05 11 02 02 02 11 02 01 03 52 30 1b 02 00 03 20 1e 02 00 20 20 02 00 20 22 02 00 52 30 13 02 00 03 20 1e 02 00 20 20 02 00 20 22 02 00 52 30 11 02 00 03 20 1e 02 00 20 20 02 00 20 22 02 00 5c 02 05 02 0c 0d 0e 25 03 01 12 00 0f 00
<ACT6016  LEVELID="3" APDU="#07 01 00 60 16 7f 00 01 01 02 05 11 03 02 02 11 02 01 08 52 30 1b 02 00 03 20 1e 02 00 20 20 02 00 20 22 02 00 52 30 2a 02 00 03 20 1e 02 00 20 20 02 00 20 22 02 00 52 30 13 02 00 03 20 1e 02 00 20 20 02 00 20 22 02 00 52 30 11 02 00 03 20 1e 02 00 20 20 02 00 20 22 02 00 52 30 2c 02 00 03 20 1e 02 00 20 20 02 00 20 22 02 00 52 30 1c 02 00 03 20 1e 02 00 20 20 02 00 20 22 02 00 52 30 0f 02 00 03 20 1e 02 00 20 20 02 00 20 22 02 00 52 30 2b 02 00 03 20 1e 02 00 20 20 02 00 20 22 02 00 5c 02 05 1a 01 0a 10 24 03 01 12 00 0f 00
<ACT6016  LEVELID="4" APDU="#07 01 00 60 16 7f 00 01 01 02 05 11 04 02 02 11 02 01 05 52 30 1b 02 00 03 20 1e 02 00 20 20 02 00 20 22 02 00 52 30 13 02 00 03 20 1e 02 00 20 20 02 00 20 22 02 00 52 30 11 02 00 03 20 1e 02 00 20 20 02 00 20 22 02 00 52 30 2c 02 00 03 20 1e 02 00 20 20 02 00 20 22 02 00 52 30 2b 02 00 03 20 1e 02 00 20 20 02 00 20 22 02 00 5c 02 05 02 0c 0d 0e 25 03 01 12 00 0f 00
<ACT6016  LEVELID="5" APDU="#07 01 00 60 16 7f 00 01 01 02 05 11 05 02 02 11 02 01 04 52 30 16 02 00 03 20 1e 02 00 20 20 02 00 20 22 02 00 52 30 12 02 00 03 20 1e 02 00 20 20 02 00 20 22 02 00 52 30 14 02 00 03 20 1e 02 00 20 20 02 00 20 22 02 00 52 30 15 02 00 03 20 1e 02 00 20 20 02 00 20 22 02 00 5c 02 05 1a 01 0a 10 24 03 01 12 00 0c 00
<ACT6016  LEVELID="6" APDU="#07 01 00 60 16 7f 00 01 01 02 05 11 06 02 02 11 02 01 03 52 30 16 02 00 03 20 1e 02 00 20 20 02 00 20 22 02 00 52 30 12 02 00 03 20 1e 02 00 20 20 02 00 20 22 02 00 52 30 15 02 00 03 20 1e 02 00 20 20 02 00 20 22 02 00 5c 02 05 02 0c 0d 0e 25 03 01 12 00 0c 00
