1 清空采集任务#07 01 04 60 12 81 00 00 00
3 清空采集方案#07 01 05 60 14 81 00 00 00
5 清空上报方案集#07 01 01 60 1c 81 00 00 00
<ACT6012  TASKID="1" APDU="#07 01 03 60 12 7f 00 01 01 02 0c 11 01 54 03 00 01 16 01 11 01 1c 07 e1 01 01 00 00 00 1c 08 33 01 01 00 00 00 54 01 00 05 11 00 16 01 12 00 00 12 00 00 02 02 16 01 01 01 02 04 11 00 11 00 11 17 11 3b 00
<ACT6012  TASKID="2" APDU="#07 01 04 60 12 7f 00 01 01 02 0c 11 02 54 03 00 01 16 01 11 02 1c 07 e1 01 01 00 00 00 1c 08 33 01 01 17 3b 3b 54 01 00 0a 11 01 16 02 12 00 00 12 00 00 02 02 16 01 01 01 02 04 11 00 11 00 11 17 11 3b 00
<ACT6012  TASKID="3" APDU="#07 01 05 60 12 7f 00 01 01 02 0c 11 03 54 03 00 01 16 01 11 03 1c 07 e1 01 01 00 00 00 1c 08 33 0c 1f 00 00 00 54 01 00 05 11 00 16 01 12 00 00 12 00 00 02 02 16 01 01 01 02 04 11 00 11 00 11 17 11 3b 00
<ACT6012  TASKID="4" APDU="#07 01 07 60 12 7f 00 01 01 02 0c 11 04 54 01 00 0f 16 01 11 04 1c 07 e1 01 01 00 00 00 1c 08 33 0c 1f 00 00 00 54 01 00 00 11 00 16 01 12 00 00 12 00 00 02 02 16 01 01 01 02 04 11 00 11 00 11 17 11 3b 00
<ACT6012  TASKID="5" APDU="#07 01 08 60 12 7f 00 01 01 02 0c 11 05 54 03 00 01 16 01 11 05 1c 07 e1 01 01 00 00 00 1c 08 33 01 01 17 3b 3b 54 03 00 00 11 01 16 01 12 00 00 12 00 00 02 02 16 01 01 01 02 04 11 00 11 00 11 17 11 3b 00
<ACT6012  TASKID="6" APDU="#07 01 09 60 12 7f 00 01 01 02 0c 11 06 54 03 00 01 16 01 11 06 1c 07 e1 01 01 00 00 00 1c 08 33 01 01 17 3b 3b 54 03 00 00 11 01 16 01 12 00 00 12 00 00 02 02 16 01 01 01 02 04 11 00 11 00 11 17 11 3b 00
<ACT6014  TASKID="1" APDU="#07 01 2e 60 14 7f 00 01 01 02 06 11 01 12 00 3e 02 02 11 02 00 01 01 5b 01 50 04 02 00 03 20 21 02 00 00 10 02 00 00 20 02 00 5c 01 16 02 00
<ACT6014  TASKID="2" APDU="#07 01 2e 60 14 7f 00 01 01 02 06 11 02 12 00 3e 02 02 11 04 02 02 54 03 00 01 12 00 03 01 01 5b 01 50 04 02 00 03 20 21 02 00 00 10 02 00 00 20 02 00 5c 01 16 02 00
<ACT6014  TASKID="3" APDU="#07 01 2e 60 14 7f 00 01 01 02 06 11 03 12 00 3e 02 02 11 02 00 01 01 5b 01 50 04 02 00 08 20 21 02 00 00 10 02 00 00 20 02 00 00 50 02 00 00 60 02 00 00 70 02 00 00 80 02 00 10 10 02 00 5c 02 01 40 16 02 00
<ACT6014  TASKID="4" APDU="#07 01 2e 60 14 7f 00 01 01 02 06 11 04 12 02 a0 02 02 11 03 54 01 00 0f 01 01 5b 01 50 02 02 00 08 20 21 02 00 20 00 02 00 20 01 02 00 00 10 02 01 00 20 02 01 20 04 02 00 20 05 02 00 20 0a 02 00 5c 02 01 40 16 06 00
<ACT6014  TASKID="5" APDU="#07 01 2e 60 14 7f 00 01 01 02 06 11 05 12 00 48 02 02 11 03 54 02 00 01 01 01 5b 01 50 02 02 00 03 20 21 02 00 20 00 02 01 20 01 02 01 5c 02 02 29 33 16 06 00
<ACT6014  TASKID="6" APDU="#07 01 2e 60 14 7f 00 01 01 02 06 11 06 12 00 48 02 02 11 03 54 02 00 01 01 01 5b 01 50 02 02 00 05 20 21 02 00 20 00 02 00 20 01 02 00 20 04 02 00 20 05 02 00 5c 02 04 20 21 34 35 16 06 00
