清空采集任务#07 01 04 60 12 81 00 00 00
延时#5
清空采集方案#07 01 05 60 14 81 00 00 00
延时#5
清空上报方案集#07 01 01 60 1c 81 00 00 00
延时#5
1 <16-6012  TASKID="1" #07 01 06 60 12 7f 00 01 01 02 0c 11 01 54 03 00 01 16 01 11 01 1c 07 e3 01 01 00 00 00 1c 08 33 01 01 00 00 00 54 01 00 0f 16 02 16 01 12 00 00 12 00 00 02 02 16 00 01 01 02 04 11 00 11 00 11 17 11 3b 00
2 <16-6012  TASKID="2" #07 01 0a 60 12 7f 00 01 01 02 0c 11 02 54 03 00 01 16 01 11 02 1c 07 e3 01 01 00 00 00 1c 08 33 01 01 00 00 00 54 02 00 01 16 03 16 01 12 00 00 12 00 00 02 02 16 00 01 01 02 04 11 00 11 00 11 17 11 3b 00
3 <16-6012  TASKID="3" #07 01 0f 60 12 7f 00 01 01 02 0c 11 03 54 04 00 01 16 01 11 03 1c 07 e3 01 01 00 00 00 1c 08 33 01 01 00 00 00 54 01 00 0f 16 02 16 01 12 00 00 12 00 00 02 02 16 00 01 01 02 04 11 00 11 00 11 17 11 3b 00
4 <16-6012  TASKID="4" #07 01 13 60 12 7f 00 01 01 02 0c 11 04 54 01 00 0f 16 01 11 04 1c 07 e3 01 01 00 00 00 1c 08 33 01 01 00 00 00 54 00 00 00 16 03 16 01 12 00 00 12 00 00 02 02 16 00 01 01 02 04 11 00 11 00 11 17 11 3b 00
5 <16-6012  TASKID="15" #07 01 08 60 12 7f 00 01 01 02 0c 11 0f 54 03 00 01 16 04 11 0f 1c 07 e3 01 01 00 00 00 1c 08 33 01 01 00 00 00 54 01 00 1e 16 02 16 01 12 00 00 12 00 00 02 02 16 00 01 01 02 04 11 00 11 00 11 17 11 3b 00
6 <16-6012  TASKID="16" #07 01 0d 60 12 7f 00 01 01 02 0c 11 10 54 03 00 01 16 04 11 10 1c 07 e3 01 01 00 00 00 1c 08 33 01 01 00 00 00 54 01 00 5a 16 03 16 01 12 00 00 12 00 00 02 02 16 00 01 01 02 04 11 00 11 00 11 17 11 3b 00
7 <16-6012  TASKID="17" #07 01 11 60 12 7f 00 01 01 02 0c 11 11 54 04 00 01 16 04 11 11 1c 07 e3 01 01 00 00 00 1c 08 33 01 01 00 00 00 54 01 00 1e 16 02 16 01 12 00 00 12 00 00 02 02 16 00 01 01 02 04 11 00 11 00 11 17 11 3b 00
8 <16-6012  TASKID="18" #07 01 15 60 12 7f 00 01 01 02 0c 11 12 54 01 00 0f 16 04 11 12 1c 07 e3 01 01 00 00 00 1c 08 33 01 01 00 00 00 54 01 00 01 16 03 16 01 12 00 00 12 00 00 02 02 16 00 01 01 02 04 11 00 11 00 11 17 11 3b 00
9 <16-6014  TASKID="1" #07 01 00 60 14 7f 00 01 01 02 06 11 01 12 00 3e 02 02 11 02 00 01 01 5b 01 50 04 02 00 13 20 21 02 00 00 10 02 00 00 11 02 00 00 12 02 00 00 13 02 00 00 20 02 00 00 21 02 00 00 22 02 00 00 23 02 00 00 70 02 00 00 80 02 00 10 10 02 00 21 31 02 01 21 32 02 01 21 33 02 01 00 30 02 00 00 40 02 00 00 50 02 00 00 60 02 00 5c 02 01 10 16 03 00
10 <16-6014  TASKID="2" #07 01 09 60 14 7f 00 01 01 02 06 11 02 12 0b a0 02 02 11 03 54 01 00 0f 01 01 5b 01 50 02 02 00 0d 20 21 02 00 20 00 02 00 20 01 02 00 20 04 02 00 20 05 02 00 20 0a 02 00 20 01 04 00 00 10 02 01 00 20 02 01 00 50 02 01 00 60 02 01 00 70 02 01 00 80 02 01 5c 02 01 10 16 06 00
11 <16-6014  TASKID="3" #07 01 00 60 14 7f 00 01 01 02 06 11 03 12 00 0c 02 02 11 02 00 01 01 5b 01 50 06 02 00 13 20 21 02 00 00 10 02 00 00 11 02 00 00 12 02 00 00 13 02 00 00 20 02 00 00 21 02 00 00 22 02 00 00 23 02 00 00 70 02 00 00 80 02 00 10 10 02 00 21 31 02 01 21 32 02 01 21 33 02 01 00 30 02 00 00 40 02 00 00 50 02 00 00 60 02 00 5c 02 01 10 16 07 00
12 <16-6014  TASKID="4" #07 01 12 60 14 7f 00 01 01 02 06 11 04 12 00 60 02 02 11 00 00 01 0f 5b 00 40 00 02 00 5b 00 20 00 20 00 5b 00 20 01 02 00 5b 00 20 04 02 00 5b 00 20 05 02 00 5b 00 20 06 02 00 5b 00 20 0a 02 00 5b 00 20 01 04 00 5b 00 00 10 02 00 5b 00 00 20 02 00 5b 00 00 30 02 00 5b 00 00 40 02 00 5b 00 00 11 02 00 5b 00 00 12 02 00 5b 00 00 13 02 00 5c 02 01 10 16 01 00
13 <16-601C  TASKID="15" #07 01 17 60 1c 7f 00 01 01 02 05 11 0f 01 02 51 45 00 00 00 51 45 10 00 00 54 00 00 3c 11 03 02 02 11 01 02 03 51 60 12 03 00 60 05 00 20 2a 02 00 00 60 40 02 00 00 60 41 02 00 00 60 42 02 00 01 50 04 02 00 13 20 21 02 00 00 10 02 00 00 11 02 00 00 12 02 00 00 13 02 00 00 20 02 00 00 21 02 00 00 22 02 00 00 23 02 00 00 30 02 00 00 40 02 00 00 50 02 00 00 60 02 00 00 70 02 00 00 80 02 00 10 10 02 00 21 31 02 01 21 32 02 01 21 33 02 01 5a 0a 01 02 01 10 00
14 <16-601C  TASKID="16" #07 01 1a 60 1c 7f 00 01 01 02 05 11 10 01 02 51 45 00 00 00 51 45 10 00 00 54 00 00 3c 11 03 02 02 11 01 02 03 51 60 12 03 00 60 05 00 20 2a 02 00 00 60 40 02 00 00 60 41 02 00 00 60 42 02 00 01 50 02 02 00 0d 20 21 02 00 20 00 02 00 20 01 02 00 20 04 02 00 20 05 02 00 20 0a 02 00 20 01 04 00 00 10 02 01 00 20 02 01 00 50 02 01 00 60 02 01 00 70 02 01 00 80 02 01 5a 08 07 e3 01 01 00 00 00 08 33 01 01 17 3b 3b 03 00 01 02 01 10 00
15 <16-601C  TASKID="17" #07 01 1c 60 1c 7f 00 01 01 02 05 11 11 01 02 51 45 00 00 00 51 45 10 00 00 54 00 00 3c 11 03 02 02 11 01 02 03 51 60 12 03 00 60 05 00 20 2a 02 00 00 60 40 02 00 00 60 41 02 00 00 60 42 02 00 01 50 06 02 00 13 20 21 02 00 00 10 02 00 00 11 02 00 00 12 02 00 00 13 02 00 00 20 02 00 00 21 02 00 00 22 02 00 00 23 02 00 00 30 02 00 00 40 02 00 00 50 02 00 00 60 02 00 00 70 02 00 00 80 02 00 10 10 02 00 21 31 02 01 21 32 02 01 21 33 02 01 5a 08 07 e3 01 01 00 00 00 08 33 01 01 17 3b 3b 04 00 01 02 01 10 00
16 <16-601C  TASKID="18" #07 01 14 60 1c 7f 00 01 01 02 05 11 12 01 02 51 45 00 00 00 51 45 10 00 00 54 00 00 3c 11 03 02 02 11 01 02 03 51 60 12 03 00 60 13 00 20 2a 02 00 00 60 40 02 00 00 60 41 02 00 00 60 42 02 00 00 40 00 02 00 00 20 00 02 00 00 20 01 02 00 00 20 04 02 00 00 20 05 02 00 00 20 06 02 00 00 20 0a 02 00 00 20 01 04 00 00 00 10 02 00 00 00 20 02 00 00 00 30 02 00 00 00 40 02 00 00 00 11 02 00 00 00 12 02 00 00 00 13 02 00 5a 0a 01 02 01 10 00
延时#2
数据初始化#07 01 04 43 00 03 00 00 00
延时#5
