清空采集任务#07 01 04 60 12 81 00 00 00
延时#5
清空采集方案#07 01 05 60 14 81 00 00 00
延时#5
清空上报方案集#07 01 01 60 1c 81 00 00 00
延时#5
1 <13-6012  TASKID="52" #07 01 0b 60 12 7f 00 01 01 02 0c 11 34 54 03 00 01 16 01 11 34 1c 07 e3 01 01 00 00 00 1c 08 33 01 01 00 00 00 54 01 00 0f 16 02 16 01 12 00 00 12 00 00 02 02 16 00 01 01 02 04 11 00 11 00 11 17 11 3b 00
2 <13-6012  TASKID="53" #07 01 0b 60 12 7f 00 01 01 02 0c 11 35 54 03 00 01 16 04 11 35 1c 07 e3 01 01 00 00 00 1c 08 33 01 01 00 00 00 54 02 00 04 16 02 16 01 12 00 00 12 00 00 02 02 16 00 01 01 02 04 11 00 11 00 11 17 11 3b 00
3 <13-6014  TASKID="52" #07 01 02 60 14 7f 00 01 01 02 06 11 34 12 00 3e 02 02 11 02 00 01 01 5b 01 50 04 02 00 0a 20 21 02 00 00 10 02 00 00 20 02 00 00 30 02 00 00 40 02 00 00 50 02 00 00 60 02 00 00 70 02 00 00 80 02 00 20 2c 02 00 5c 02 01 0d 16 03 00
4 <13-601C  TASKID="53" #07 01 17 60 1c 7f 00 01 01 02 05 11 35 01 02 51 45 00 00 00 51 45 10 00 00 54 00 00 3c 11 03 02 02 11 01 02 03 51 60 12 03 00 60 05 00 20 2a 02 00 00 60 40 02 00 00 60 41 02 00 00 60 42 02 00 01 50 04 02 00 0a 20 21 02 00 00 10 02 00 00 20 02 00 00 30 02 00 00 40 02 00 00 50 02 00 00 60 02 00 00 70 02 00 00 80 02 00 20 2c 02 00 5a 0a 01 02 01 0d 00
延时#2
数据初始化#07 01 04 43 00 03 00 00 00
延时#5
