清空采集任务#07 01 04 60 12 81 00 00 00
延时#5
清空采集方案#07 01 05 60 14 81 00 00 00
延时#5
清空上报方案集#07 01 01 60 1c 81 00 00 00
延时#5
1 <36-6012  TASKID="29" #07 01 06 60 12 7f 00 01 01 02 0c 11 1d 54 03 00 01 16 01 11 1d 1c 07 e3 01 01 00 00 00 1c 08 33 01 01 00 00 00 54 01 00 0f 16 02 16 01 12 00 00 12 00 00 02 02 16 00 01 01 02 04 11 00 11 00 11 17 11 3b 00
2 <36-6012  TASKID="30" #07 01 0a 60 12 7f 00 01 01 02 0c 11 1e 54 01 00 0f 16 01 11 1e 1c 07 e3 01 01 00 05 00 1c 08 33 01 01 00 00 00 54 00 00 00 16 04 16 01 12 00 00 12 00 00 02 02 16 00 01 01 02 04 11 00 11 00 11 17 11 3b 00
3 <36-6014  TASKID="29" #07 01 21 60 14 7f 00 01 01 02 06 11 1d 12 00 3e 02 02 11 02 00 01 01 5b 01 50 04 02 00 09 20 21 02 00 00 10 02 00 00 20 02 00 00 30 02 00 00 40 02 00 00 50 02 00 00 60 02 00 00 70 02 00 00 80 02 00 5c 02 01 24 16 03 00
4 <36-6014  TASKID="30" #07 01 09 60 14 7f 00 01 01 02 06 11 1e 12 0b a0 02 02 11 03 54 01 00 0f 01 01 5b 01 50 02 02 00 0f 20 21 02 00 20 00 02 00 20 01 02 00 20 04 02 00 20 05 02 00 20 0a 02 00 20 01 04 00 00 10 02 01 00 20 02 01 00 30 02 00 00 40 02 00 00 50 02 01 00 60 02 01 00 70 02 01 00 80 02 01 5c 02 01 24 16 06 00
5 <36-601C  TASKID="39" #07 01 22 60 1c 7f 00 01 01 02 05 11 27 01 02 51 45 00 00 00 51 45 10 00 00 54 00 00 3c 11 03 02 02 11 01 02 03 51 60 12 03 00 60 05 00 20 2a 02 00 00 60 40 02 00 00 60 41 02 00 00 60 42 02 00 01 50 04 02 00 09 20 21 02 00 00 10 02 00 00 20 02 00 00 30 02 00 00 40 02 00 00 50 02 00 00 60 02 00 00 70 02 00 00 80 02 00 5a 08 07 e3 01 01 00 00 00 08 33 01 01 17 3b 3b 03 00 01 02 01 24 00
6 <36-601C  TASKID="40" #07 01 1a 60 1c 7f 00 01 01 02 05 11 28 01 02 51 45 00 00 00 51 45 10 00 00 54 00 00 3c 11 03 02 02 11 01 02 03 51 60 12 03 00 60 05 00 20 2a 02 00 00 60 40 02 00 00 60 41 02 00 00 60 42 02 00 01 50 02 02 00 0f 20 21 02 00 20 00 02 00 20 01 02 00 20 04 02 00 20 05 02 00 20 0a 02 00 20 01 04 00 00 10 02 01 00 20 02 01 00 30 02 00 00 40 02 00 00 50 02 01 00 60 02 01 00 70 02 01 00 80 02 01 5a 08 07 e3 01 01 00 00 00 08 33 01 01 17 3b 3b 03 00 01 02 01 24 00
7 <36-6012  TASKID="39" #07 01 08 60 12 7f 00 01 01 02 0c 11 27 54 03 00 01 16 04 11 27 1c 07 e3 01 01 00 00 00 1c 08 33 01 01 00 00 00 54 02 00 04 16 02 16 01 12 00 00 12 00 00 02 02 16 00 01 01 02 04 11 00 11 00 11 17 11 3b 00
8 <36-6012  TASKID="40" #07 01 0d 60 12 7f 00 01 01 02 0c 11 28 54 01 00 0f 16 04 11 28 1c 07 e3 01 01 00 00 00 1c 08 33 01 01 00 00 00 54 01 00 05 16 04 16 01 12 00 00 12 00 00 02 02 16 00 01 01 02 04 11 00 11 00 11 17 11 3b 00
延时#2
数据初始化#07 01 04 43 00 03 00 00 00
延时#5
